%YAML:1.0
---
size: !!opencv-matrix
   rows: 2
   cols: 1
   dt: d
   data: [ 1920., 1080. ]
K: !!opencv-matrix
   rows: 3
   cols: 3
   dt: d
   data: [ 1797.9315387697407, 0., 947.7129902867357, 0.,
       1809.4862888836676, 525.2334575029671, 0., 0., 1. ]
D: !!opencv-matrix
   rows: 1
   cols: 5
   dt: d
   data: [ 0.30960377146641332, -1.4421750027581839,
       0.003042110717118616, -5.9101797067536785e-05, 2.4426088809573949 ]
