%YAML:1.0
---
size: !!opencv-matrix
   rows: 2
   cols: 1
   dt: d
   data: [ 1920., 1080. ]
K: !!opencv-matrix
   rows: 3
   cols: 3
   dt: d
   data: [ 1784.5180103035884, 0., 945.75713945885525, 0.,
       1793.7801758530613, 520.61031447911068, 0., 0., 1. ]
D: !!opencv-matrix
   rows: 1
   cols: 5
   dt: d
   data: [ 0.29323029335486261, -1.6035147126958453,
       0.00032793987079888614, -0.00056310306786474748,
       3.3561639796682776 ]
