%YAML:1.0
---
size: !!opencv-matrix
   rows: 2
   cols: 1
   dt: d
   data: [ 1920., 1080. ]
K1: !!opencv-matrix
   rows: 3
   cols: 3
   dt: d
   data: [ 1797.9315387697407, 0., 947.7129902867357, 0.,
       1809.4862888836676, 525.2334575029671, 0., 0., 1. ]
D1: !!opencv-matrix
   rows: 1
   cols: 5
   dt: d
   data: [ 0.30960377146641332, -1.4421750027581839,
       0.003042110717118616, -5.9101797067536785e-05, 2.4426088809573949 ]
K2: !!opencv-matrix
   rows: 3
   cols: 3
   dt: d
   data: [ 1784.5180103035884, 0., 945.75713945885525, 0.,
       1793.7801758530613, 520.61031447911068, 0., 0., 1. ]
D2: !!opencv-matrix
   rows: 1
   cols: 5
   dt: d
   data: [ 0.29323029335486261, -1.6035147126958453,
       0.00032793987079888614, -0.00056310306786474748,
       3.3561639796682776 ]
R: !!opencv-matrix
   rows: 3
   cols: 3
   dt: d
   data: [ 0.9999404896837687, -0.0014681442435469699,
       0.010810256401446356, 0.001417437418229428, 0.9999879654429138,
       0.0046967904474555996, -0.01081702187065715,
       -0.0046811880780467437, 0.99993053684544897 ]
T: !!opencv-matrix
   rows: 3
   cols: 1
   dt: d
   data: [ -100.5793224926463, 0.89515132555730292, -8.1885908129327749 ]
E: !!opencv-matrix
   rows: 3
   cols: 3
   dt: d
   data: [ 0.0019239435547195607, 8.1843018951559348,
       0.93354924063073452, -9.2760722384428416, -0.45880869288582571,
       100.48381516936902, -1.0376629500200858, -100.57679785378235,
       -0.48207681644238631 ]
F: !!opencv-matrix
   rows: 3
   cols: 3
   dt: d
   data: [ -1.0036615722028885e-09, -4.2422324815728791e-06,
       0.0013535144277790026, 4.8140523364624454e-06,
       2.3658988718143739e-07, -0.098446249378557102,
       -0.0015393070032391272, 0.096920780541394566, 1. ]
R1: !!opencv-matrix
   rows: 3
   cols: 3
   dt: d
   data: [ 0.99571342661480078, -0.01071323698783103,
       0.091869465070034725, 0.010498226331827086, 0.99994090624376419,
       0.0028233427502485386, -0.091894283298241647,
       -0.0018467738470689195, 0.99576705615493244 ]
R2: !!opencv-matrix
   rows: 3
   cols: 3
   dt: d
   data: [ 0.99666303244399046, -0.0088702549640998479,
       0.081142580291861111, 0.0090600651527102064, 0.99995701362593215,
       -0.001971324360934138, -0.081121606116853415,
       0.0026999031796026115, 0.99670055460195406 ]
P1: !!opencv-matrix
   rows: 3
   cols: 4
   dt: d
   data: [ 1766.4156066908615, 0., 750.13451385498047, 0., 0.,
       1766.4156066908615, 524.33359527587891, 0., 0., 0., 1., 0. ]
P2: !!opencv-matrix
   rows: 3
   cols: 4
   dt: d
   data: [ 1766.4156066908615, 0., 750.13451385498047,
       -178259.73190330793, 0., 1766.4156066908615, 524.33359527587891,
       0., 0., 0., 1., 0. ]
Q: !!opencv-matrix
   rows: 4
   cols: 4
   dt: d
   data: [ 1., 0., 0., -750.13451385498047, 0., 1., 0.,
       -524.33359527587891, 0., 0., 0., 1766.4156066908615, 0., 0.,
       0.0099092239611860561, 0. ]
